Anlage 1

Entwicklung der Fallzahlen

820

1

1

1

2

3

3

2

15

9

11

11

14

6

6

5

2

T

122

116

118

827

12

14

16

15

13

15

17

17

8 28

10

10

6

8

8

8

7

14

1

1

1

829

& Fallzahl 2011

DEZ 2011

NOV 2011

OKT 2011

SEP 2011

AUG 2011

JUL 2011

JUN 2011

MAI 2011

APR 2011

MAR 2011

FEB 2011

JAN 2011

KalJahr/Monat

1

8 30

123

116

114

118

111

114

119

120

118

128

8 31

374

378

374

376

382

375

365

371

377

383

379

368

375

520

519

511

517

516

512

509

516

sic

528

520

500

515

22

22

23

29

22

22

23

29

8 35
ambulante HzE Gesamt

34

832

33

36

33

32

33

30

26

25

33

32

33

30

26

25

teilstationäre HzE Gesamt

34

33

36

819

41

43

42

42

41

43

41

38

37

36

39

41

40

8 33

223

226

228

227

227

236

235

231

233

235

233

233

231

8 34 Heim
8 34 betreutes Einzelwohnen

>

stationäre HzE Gesamt
8 35a ambulant

415

418

424

432

437

444

426

443

446

450

443

433

10

12

14

15

13

14

11

13

10

10

12

10

12

1

1

1

2

2

1

89

95

92

92
810

94

94

96

1

2

1

92

91

89

93

92

91

790

791

799

802

807

821

825

802

816

818

832

822

50

48

50

54

57

60

48

57

64

67

70

66

1

1

2

2

2

2

1

2

80

76

74

75

77

76

76

2

2

1

1

1

$ 35a stationär

75

FI

77

72

74

76

Eingliederungshilfe Gesamt

127

127

128

127

132

137

$ 35a teilstationär

Gesamt

4

421

8 35 stationär

oe

1

1

1

1

1

1

1

1

1

1

1

1

Auscabe se

1.4711

1.470

1.474

1.479

14.487

1.503

129
er

58

135

140

144

149

143

135

1.479

1.498

1.512

1.523

1.488

1.490

